   11    5   11    0    5    0   11   11   11    5

    1    1   11    0    0    5   11   11    5   11

    0    1    0    5   11    1    5    5   11    1

   11    1    1    1    0    0   11    1   11    5

    1    1    1    1    1    5   11    1   11    1

   11    5    1    5    0    5    0    1    1   11

   11    0    5    1    5    1   11    1    5    0

    5    0   11   11   11    0    1    5    1    0

    0   11    0   11    0    0    5    0   11   11

    0   11    1    5    1    0    5    0   11   11

Otvet: 9 chetverok. Vyi mozhete poschitat ih sami :)
